517 1111111111111111111111111111111111111111111111111111111111111110
539 1111111111111111111111111111111111111111111111101111111111101100
552 1111111111111111111111111111111111111111111111101111111111100000
561 1111111111111111111111111111111011111111111011001111111011000000
574 1111111111111111111111111111111011111111111000001111111000000000
583 1111111111111110111111111110110011111110110000001110110000000000
596 1111111111111110111111111110000011111110000000001110000000000000
605 1111111111101100111111101100000011101100000000001100000000000000
618 1111111111100000111111100000000011100000000000000000000000000000
627 1111111011000000111011000000000011000000000000000000000000000000
640 1111111000000000111000000000000000000000000000000000000000000000
649 1110110000000000110000000000000000000000000000000000000000000000
662 1110000000000000000000000000000000000000000000000000000000000000
671 1100000000000000000000000000000000000000000000000000000000000000
684 0000000000000000000000000000000000000000000000000000000000000000